      0.0821641     -0.0627957      0.0177632       0.028806     -0.0202738      -0.013699      0.0344548     -0.0310064    -0.00253418    0.000540117   -0.000281887    -0.00129295     -0.0488898     -0.0124166      0.0227038    -0.00617257     0.00287714     0.00107824     -0.0536555    -0.00550683     0.00748984    -0.00792575    -0.00404064     -0.0141668    -0.00333679    -0.00354934    -0.00277368    -0.00290155    -0.00298531      -0.139909     -0.0479907     -0.0993404     -0.0221968     -0.0491551    0.000311901
     -0.0627957       0.136438     0.00164131     -0.0468216      0.0065879      0.0290932      0.0140772      0.0123156     0.00816218     0.00246029     -0.0129141     0.00234834     -0.0113129      0.0300133      0.0193084     -0.0117285    -0.00190326     -0.0133599      0.0541891      0.0226486     -0.0207458      0.0227309     0.00368888    -0.00705503     0.00325815      0.0029535     0.00057319     0.00117903     0.00099294     -0.0878709      0.0802646       0.200686       0.135463       0.125692     -0.0142162
      0.0177632     0.00164131      0.0263617     0.00246769    -0.00745478   -0.000718192      0.0146901     -0.0103042    0.000465123    0.000428925    -0.00342116   -0.000784133     -0.0237771     0.00246064      0.0183295    -0.00472282    -0.00221607    -0.00314244     -0.0105734    -0.00264143    0.000105394    0.000429099     0.00342104    -0.00652837     0.00267674     0.00266097     -0.0021263     0.00314372      0.0029196      -0.109659      0.0204996     -0.0255527      0.0156691      0.0618187    -0.00241856
       0.028806     -0.0468216     0.00246769      0.0468293    -0.00637626      -0.012318     0.00179846    -0.00486438    -0.00330798    -0.00322637     0.00108341    0.000488978     0.00381505    -0.00964027      -0.012896     0.00731434      0.0021371     0.00440046     -0.0322308     0.00156753     0.00791912       -0.01462    -0.00252253     0.00231491    0.000783505     0.00102782    -0.00228542    0.000957363     0.00115287    -0.00729141     -0.0288994     -0.0392814     -0.0607165     -0.0625743     0.00535891
     -0.0202738      0.0065879    -0.00745478    -0.00637626      0.0349845    0.000991149     -0.0104826      0.0171555     0.00302483    0.000439933     0.00236885   -0.000810556     0.00941334    -0.00273311     -0.0063193     0.00537583     0.00175946     0.00186133       0.019462     0.00553472    -0.00233068     0.00464427    -0.00172454     0.00400602    0.000926977      0.0025349    0.000302225   -0.000417107    0.000324322      0.0435377      -0.038658      0.0149487     -0.0172764      0.0217388    -2.5771e-05
      -0.013699      0.0290932   -0.000718192      -0.012318    0.000991149      0.0374845     0.00363414     0.00096971     0.00152671    0.000885426    -0.00267936    0.000665548      -0.001403     0.00715786     0.00395594     -0.0037075   -0.000261423    -0.00307803      0.0122635     0.00405681    -0.00476138     0.00561447    0.000255319    -0.00187235   -0.000556824    -0.00126193    0.000414107   -0.000642416    -0.00127522    -0.00620798      0.0206283      0.0477509      0.0359416      0.0128894    -0.00389078
      0.0344548      0.0140772      0.0146901     0.00179846     -0.0104826     0.00363414      0.0675851     -0.0111568     0.00585095     0.00254278    -0.00784737   -0.000403216     -0.0641388    0.000454681      0.0306578    -0.00980769     0.00628548     -0.0054056     -0.0286254      0.0153495    -0.00964669     0.00697372    -0.00577448     -0.0191707    -0.00200223   -0.000767776    -0.00111483    -0.00308746    -0.00272885      -0.205561     -0.0681279      0.0571101      0.0185115      0.0269676     -0.0457224
     -0.0310064      0.0123156     -0.0103042    -0.00486438      0.0171555     0.00096971     -0.0111568      0.0448427     0.00719135    -0.00119384     0.00171754   -0.000933098     0.00880135    -0.00723548     -0.0124859      0.0135099     0.00630023     0.00378913      0.0317576      0.0230999    -0.00644662     0.00644689    -0.00508459     0.00616659     0.00143139     0.00113028    3.19364e-05   -0.000653957    0.000104353      0.0178806      -0.102287      0.0562984     -0.0469404      0.0570054     0.00155823
    -0.00253418     0.00816218    0.000465123    -0.00330798     0.00302483     0.00152671     0.00585095     0.00719135      0.0177239    0.000863323    -0.00114066   -0.000963153     -0.0112609   -0.000951802     0.00549512     0.00101595     0.00283838   -0.000655954     0.00681129     0.00854552    -0.00311948     0.00520343    -0.00284436    -0.00312167     0.00163355     0.00127341    -0.00107523     0.00149524     0.00123473     -0.0264182     -0.0386262      0.0211456    0.000491117      0.0204925    -0.00391815
    0.000540117     0.00246029    0.000428925    -0.00322637    0.000439933    0.000885426     0.00254278    -0.00119384    0.000863323      0.0205623    0.000247502    -0.00123408    -0.00458933      0.0005164     0.00460053    -0.00180953   -6.61368e-06   -0.000703536     0.00196726    -0.00156283   -0.000473317     0.00286039   -0.000496774    -0.00190005      0.0002007     0.00114074   -0.000501589    1.21139e-05    8.13881e-05     0.00087843    -0.00340714    -0.00396865     0.00821812     0.00189919    -0.00311018
   -0.000281887     -0.0129141    -0.00342116     0.00108341     0.00236885    -0.00267936    -0.00784737     0.00171754    -0.00114066    0.000247502      0.0280562   -0.000509606     0.00681349    -0.00382041    -0.00390791     0.00161411   -4.85766e-05     0.00217812     0.00104032    -0.00496377     0.00221968   -0.000558267    -0.00026299     0.00246499   -0.000378435     -0.0014191    0.000772857    -0.00125511   -5.69741e-06      0.0427358     -0.0103466     -0.0274427     -0.0144504     -0.0147321     0.00254306
    -0.00129295     0.00234834   -0.000784133    0.000488978   -0.000810556    0.000665548   -0.000403216   -0.000933098   -0.000963153    -0.00123408   -0.000509606      0.0311734     0.00399111    0.000960979    -0.00314653    3.95617e-05   -0.000464483    7.52535e-05   -0.000285798    0.000762497   -0.000264916    -0.00151615    0.000457911     0.00118358    -0.00172174    -0.00162208    0.000709237    -0.00223115   -0.000775021     0.00213585     0.00971607      0.0100996     0.00182478    -0.00622284     0.00135273
     -0.0488898     -0.0113129     -0.0237771     0.00381505     0.00941334      -0.001403     -0.0641388     0.00880135     -0.0112609    -0.00458933     0.00681349     0.00399111       0.108345     0.00488582     -0.0573736       0.012483    -0.00911828     0.00677234      0.0190915     -0.0219005      0.0124456     -0.0182789      0.0069159      0.0286739    -0.00449139    -0.00590302   -0.000868237    -0.00540121    -0.00595426       0.310934       0.127879       -0.01617     -0.0347424      -0.116704      0.0276448
     -0.0124166      0.0300133     0.00246064    -0.00964027    -0.00273311     0.00715786    0.000454681    -0.00723548   -0.000951802      0.0005164    -0.00382041    0.000960979     0.00488582      0.0201395     0.00385998    -0.00592116     -0.0038346    -0.00482359     0.00547705    -0.00335847    -0.00156557     0.00177855     0.00353266     -0.0011844      0.0018717     0.00302945    -0.00121631     0.00173544     0.00154253     -0.0012865      0.0710832      0.0334289      0.0473811     0.00735993    -0.00148222
      0.0227038      0.0193084      0.0183295      -0.012896     -0.0063193     0.00395594      0.0306578     -0.0124859     0.00549512     0.00460053    -0.00390791    -0.00314653     -0.0573736     0.00385998      0.0594182     -0.0128468    -0.00170426    -0.00671939    0.000993582    -0.00316041     -0.0053698      0.0147386     0.00257862     -0.0167267     0.00315854     0.00223468    -0.00202834     0.00314134     0.00414739      -0.179204    -0.00660377     -0.0339428      0.0548322       0.125703     -0.0124053
    -0.00617257     -0.0117285    -0.00472282     0.00731434     0.00537583     -0.0037075    -0.00980769      0.0135099     0.00101595    -0.00180953     0.00161411    3.95617e-05       0.012483    -0.00592116     -0.0128468      0.0281922     0.00244435     0.00285586     0.00424477     0.00782255     0.00120408    -0.00343162    -0.00219392      0.0053145    0.000702445   -0.000117818   -0.000976492    0.000302754    0.000219803      0.0269939     -0.0399716     0.00475488     -0.0405839    -0.00323229     0.00620825
     0.00287714    -0.00190326    -0.00221607      0.0021371     0.00175946   -0.000261423     0.00628548     0.00630023     0.00283838   -6.61368e-06   -4.85766e-05   -0.000464483    -0.00911828     -0.0038346    -0.00170426     0.00244435      0.0301174      0.0008965     -0.0012247       0.011745    -0.00256125     0.00213477    -0.00545711    -0.00258634    0.000770313    -0.00134777    0.000308006    0.000732527   -0.000763964    -0.00693938     -0.0559182      0.0304275      -0.011145     -0.0257832    -0.00309219
     0.00107824     -0.0133599    -0.00314244     0.00440046     0.00186133    -0.00307803     -0.0054056     0.00378913   -0.000655954   -0.000703536     0.00217812    7.52535e-05     0.00677234    -0.00482359    -0.00671939     0.00285586      0.0008965      0.0326901   -0.000875119   -0.000167507     0.00153142    -0.00240721   -0.000857484     0.00299427    -0.00131381    -0.00216485     0.00072868    -0.00166162    -0.00124262        0.02545     -0.0191773     -0.0139322     -0.0228813     -0.0130517     0.00296788
     -0.0536555      0.0541891     -0.0105734     -0.0322308       0.019462      0.0122635     -0.0286254      0.0317576     0.00681129     0.00196726     0.00104032   -0.000285798      0.0190915     0.00547705    0.000993582     0.00424477     -0.0012247   -0.000875119      0.0742467      0.0109494    -0.00967033      0.0187328     0.00177639     0.00688028     -0.0036235    -0.00347235     0.00015738    -0.00542896    -0.00525963      0.0466999     -0.0132834       0.051851      0.0351305       0.126957      0.0211682
    -0.00550683      0.0226486    -0.00264143     0.00156753     0.00553472     0.00405681      0.0153495      0.0230999     0.00854552    -0.00156283    -0.00496377    0.000762497     -0.0219005    -0.00335847    -0.00316041     0.00782255       0.011745   -0.000167507      0.0109494      0.0496423     -0.0105444     0.00612355     -0.0113293    -0.00555897     0.00140355     0.00150592   -0.000262655    0.000121106   -0.000630632     -0.0792454      -0.121009       0.126542     -0.0121738    -0.00125999    0.000995756
     0.00748984     -0.0207458    0.000105394     0.00791912    -0.00233068    -0.00476138    -0.00964669    -0.00644662    -0.00311948   -0.000473317     0.00221968   -0.000264916      0.0124456    -0.00156557     -0.0053698     0.00120408    -0.00256125     0.00153142    -0.00967033     -0.0105444      0.0205112    -0.00601178     0.00121495     0.00294858     0.00116166     0.00112319    -0.00192732      0.0012356     0.00221331      0.0450766      0.0256966      -0.046995     -0.0139308     -0.0322069     0.00646885
    -0.00792575      0.0227309    0.000429099       -0.01462     0.00464427     0.00561447     0.00697372     0.00644689     0.00520343     0.00286039   -0.000558267    -0.00151615     -0.0182789     0.00177855      0.0147386    -0.00343162     0.00213477    -0.00240721      0.0187328     0.00612355    -0.00601178      0.0318653    -0.00232021     -0.0063706    0.000661691    0.000384629   -0.000120234   -0.000288082    6.52461e-05     -0.0289305      -0.033333      0.0238943      0.0287565      0.0433827    -0.00493084
    -0.00404064     0.00368888     0.00342104    -0.00252253    -0.00172454    0.000255319    -0.00577448    -0.00508459    -0.00284436   -0.000496774    -0.00026299    0.000457911      0.0069159     0.00353266     0.00257862    -0.00219392    -0.00545711   -0.000857484     0.00177639     -0.0113293     0.00121495    -0.00232021      0.0317008     0.00297855   -0.000203464   -0.000403631    0.000756541   -8.12689e-05    0.000288969     -0.0152069      0.0575139     -0.0314812     0.00855421       0.050587       0.002771
     -0.0141668    -0.00705503    -0.00652837     0.00231491     0.00400602    -0.00187235     -0.0191707     0.00616659    -0.00312167    -0.00190005     0.00246499     0.00118358      0.0286739     -0.0011844     -0.0167267      0.0053145    -0.00258634     0.00299427     0.00688028    -0.00555897     0.00294858     -0.0063706     0.00297855      0.0396712       -0.00208    -0.00203245     0.00111102    -0.00215357    -0.00202643      0.0694416      0.0247395     -0.0131576     -0.0231327    -0.00563668     0.00886356
    -0.00333679     0.00325815     0.00267674    0.000783505    0.000926977   -0.000556824    -0.00200223     0.00143139     0.00163355      0.0002007   -0.000378435    -0.00172174    -0.00449139      0.0018717     0.00315854    0.000702445    0.000770313    -0.00131381     -0.0036235     0.00140355     0.00116166    0.000661691   -0.000203464       -0.00208      0.0102618     0.00726507    -0.00255373     0.00727362     0.00741479    -0.00420471     0.00116311     0.00110293     0.00176377     0.00287268     -0.0015671
    -0.00354934      0.0029535     0.00266097     0.00102782      0.0025349    -0.00126193   -0.000767776     0.00113028     0.00127341     0.00114074     -0.0014191    -0.00162208    -0.00590302     0.00302945     0.00223468   -0.000117818    -0.00134777    -0.00216485    -0.00347235     0.00150592     0.00112319    0.000384629   -0.000403631    -0.00203245     0.00726507      0.0298483    -0.00228209     0.00702954     0.00759302    -0.00734784    0.000550614     0.00206967     0.00145364     0.00289557    -0.00190118
    -0.00277368     0.00057319     -0.0021263    -0.00228542    0.000302225    0.000414107    -0.00111483    3.19364e-05    -0.00107523   -0.000501589    0.000772857    0.000709237   -0.000868237    -0.00121631    -0.00202834   -0.000976492    0.000308006     0.00072868     0.00015738   -0.000262655    -0.00192732   -0.000120234    0.000756541     0.00111102    -0.00255373    -0.00228209     0.00475516   -0.000675314   -0.000817385   -0.000842364    -0.00176585     0.00508604    9.45312e-05     0.00233124   -0.000253205
    -0.00290155     0.00117903     0.00314372    0.000957363   -0.000417107   -0.000642416    -0.00308746   -0.000653957     0.00149524    1.21139e-05    -0.00125511    -0.00223115    -0.00540121     0.00173544     0.00314134    0.000302754    0.000732527    -0.00166162    -0.00542896    0.000121106      0.0012356   -0.000288082   -8.12689e-05    -0.00215357     0.00727362     0.00702954   -0.000675314      0.0161568      0.0079225    -0.00678076     0.00482109    -0.00253264     0.00166125     0.00415023     -0.0010973
    -0.00298531     0.00099294      0.0029196     0.00115287    0.000324322    -0.00127522    -0.00272885    0.000104353     0.00123473    8.13881e-05   -5.69741e-06   -0.000775021    -0.00595426     0.00154253     0.00414739    0.000219803   -0.000763964    -0.00124262    -0.00525963   -0.000630632     0.00221331    6.52461e-05    0.000288969    -0.00202643     0.00741479     0.00759302   -0.000817385      0.0079225      0.0160055    -0.00656175     0.00384687    -0.00758429    0.000951758     0.00713336    -0.00143992
      -0.139909     -0.0878709      -0.109659    -0.00729141      0.0435377    -0.00620798      -0.205561      0.0178806     -0.0264182     0.00087843      0.0427358     0.00213585       0.310934     -0.0012865      -0.179204      0.0269939    -0.00693938        0.02545      0.0466999     -0.0792454      0.0450766     -0.0289305     -0.0152069      0.0694416    -0.00420471    -0.00734784   -0.000842364    -0.00678076    -0.00656175        1.44197       0.181089     -0.0673173     -0.0742175       -0.85236      0.0534482
     -0.0479907      0.0802646      0.0204996     -0.0288994      -0.038658      0.0206283     -0.0681279      -0.102287     -0.0386262    -0.00340714     -0.0103466     0.00971607       0.127879      0.0710832    -0.00660377     -0.0399716     -0.0559182     -0.0191773     -0.0132834      -0.121009      0.0256966      -0.033333      0.0575139      0.0247395     0.00116311    0.000550614    -0.00176585     0.00482109     0.00384687       0.181089       0.786401      -0.149049       0.243479      0.0410118      0.0366509
     -0.0993404       0.200686     -0.0255527     -0.0392814      0.0149487      0.0477509      0.0571101      0.0562984      0.0211456    -0.00396865     -0.0274427      0.0100996       -0.01617      0.0334289     -0.0339428     0.00475488      0.0304275     -0.0139322       0.051851       0.126542      -0.046995      0.0238943     -0.0314812     -0.0131576     0.00110293     0.00206967     0.00508604    -0.00253264    -0.00758429     -0.0673173      -0.149049       0.661244       0.124246      -0.162293      -0.041578
     -0.0221968       0.135463      0.0156691     -0.0607165     -0.0172764      0.0359416      0.0185115     -0.0469404    0.000491117     0.00821812     -0.0144504     0.00182478     -0.0347424      0.0473811      0.0548322     -0.0405839      -0.011145     -0.0228813      0.0351305     -0.0121738     -0.0139308      0.0287565     0.00855421     -0.0231327     0.00176377     0.00145364    9.45312e-05     0.00166125    0.000951758     -0.0742175       0.243479       0.124246       0.283097      0.0291821     0.00637069
     -0.0491551       0.125692      0.0618187     -0.0625743      0.0217388      0.0128894      0.0269676      0.0570054      0.0204925     0.00189919     -0.0147321    -0.00622284      -0.116704     0.00735993       0.125703    -0.00323229     -0.0257832     -0.0130517       0.126957    -0.00125999     -0.0322069      0.0433827       0.050587    -0.00563668     0.00287268     0.00289557     0.00233124     0.00415023     0.00713336       -0.85236      0.0410118      -0.162293      0.0291821        1.16808     0.00155681
    0.000311901     -0.0142162    -0.00241856     0.00535891    -2.5771e-05    -0.00389078     -0.0457224     0.00155823    -0.00391815    -0.00311018     0.00254306     0.00135273      0.0276448    -0.00148222     -0.0124053     0.00620825    -0.00309219     0.00296788      0.0211682    0.000995756     0.00646885    -0.00493084       0.002771     0.00886356     -0.0015671    -0.00190118   -0.000253205     -0.0010973    -0.00143992      0.0534482      0.0366509      -0.041578     0.00637069     0.00155681      0.0646768
