       0.432581      -0.140631     -0.0598312     -0.0431385     -0.0222152      -0.145254      -0.243477       0.033417      0.0170422     -0.0212603     -0.0358763     -0.0341796       -0.03613      0.0814018       0.413279      -0.601722       0.165281     -0.0864557      0.0063574
      -0.140631       0.203796      0.0195777      0.0461096     -0.0425879       0.177659      0.0889104     -0.0625579      0.0288819      0.0132825    -0.00347416    -0.00520698    -0.00516597        0.17928     -0.0367669       0.438393     -0.0983492      -0.150554    -0.00989669
     -0.0598312      0.0195777      0.0561392      0.0231264    0.000513771      0.0194264     0.00574681   -0.000278839   -0.000395894     0.00429515     0.00485239     0.00495972     0.00529453      -0.224021      -0.013014     -0.0199072     -0.0577011       0.177057    -0.00103887
     -0.0431385      0.0461096      0.0231264      0.0955642     -0.0110442      0.0852959       0.034025     -0.0166451     0.00390193    -0.00350353    -0.00486038    -0.00538855    -0.00551279      -0.368888      0.0145735       0.185422       0.014363       0.278229   -0.000371843
     -0.0222152     -0.0425879    0.000513771     -0.0110442      0.0481556     -0.0300168     0.00758572      0.0194426    -0.00995194    0.000889058       0.006252     0.00654522     0.00673026     -0.0501692     -0.0708952     -0.0394444   -0.000458528      0.0711882   -0.000429528
      -0.145254       0.177659      0.0194264      0.0852959     -0.0300168       0.496573       0.335622     -0.0910861      0.0152025     -0.0424218     -0.0413903     -0.0456186     -0.0430884     0.00518686       -0.47845       0.710705      -0.157573     -0.0895399      -0.021872
      -0.243477      0.0889104     0.00574681       0.034025     0.00758572       0.335622       0.444009     -0.0987542     -0.0417305     -0.0613879    -0.00943183     -0.0145653     -0.0104383       0.103784      -0.585208       0.630258     -0.0863357      -0.399715     -0.0169399
       0.033417     -0.0625579   -0.000278839     -0.0166451      0.0194426     -0.0910861     -0.0987542      0.0670731     0.00451447      0.0195079     0.00638769     0.00800456     0.00716537     -0.0852218      0.0449797       -0.16814       0.010501        0.23217      0.0127662
      0.0170422      0.0288819   -0.000395894     0.00390193    -0.00995194      0.0152025     -0.0417305     0.00451447      0.0397253       0.011553    -0.00377814    -0.00381596    -0.00446386      0.0514982      0.0470801      0.0193101     -0.0194218      0.0364683    -0.00277187
     -0.0212603      0.0132825     0.00429515    -0.00350353    0.000889058     -0.0424218     -0.0613879      0.0195079       0.011553      0.0521679     0.00760975     0.00849946     0.00769404      0.0190655       0.056463     -0.0109653      -0.012986        0.10634      0.0139229
     -0.0358763    -0.00347416     0.00485239    -0.00486038       0.006252     -0.0413903    -0.00943183     0.00638769    -0.00377814     0.00760975      0.0096996     0.00964156     0.00954172    -0.00778712     0.00637496     -0.0100638    -0.00127605      0.0173856       0.001685
     -0.0341796    -0.00520698     0.00495972    -0.00538855     0.00654522     -0.0456186     -0.0145653     0.00800456    -0.00381596     0.00849946     0.00964156      0.0103346     0.00985306     -0.0124926      0.0118699     -0.0165517    -0.00019432      0.0264425     0.00204942
       -0.03613    -0.00516597     0.00529453    -0.00551279     0.00673026     -0.0430884     -0.0104383     0.00716537    -0.00446386     0.00769404     0.00954172     0.00985306      0.0102219     -0.0121016     0.00609779     -0.0141299    -0.00141559       0.021963     0.00206651
      0.0814018        0.17928      -0.224021      -0.368888     -0.0501692     0.00518686       0.103784     -0.0852218      0.0514982      0.0190655    -0.00778712     -0.0124926     -0.0121016        3.38059      -0.278465       0.263041       -0.16341       -2.68676     -0.0524579
       0.413279     -0.0367669      -0.013014      0.0145735     -0.0708952       -0.47845      -0.585208      0.0449797      0.0470801       0.056463     0.00637496      0.0118699     0.00609779      -0.278465        1.18635      -0.827785       0.276767       0.285946      0.0713974
      -0.601722       0.438393     -0.0199072       0.185422     -0.0394444       0.710705       0.630258       -0.16814      0.0193101     -0.0109653     -0.0100638     -0.0165517     -0.0141299       0.263041      -0.827785        2.02698      -0.131363      -0.231315      -0.057969
       0.165281     -0.0983492     -0.0577011       0.014363   -0.000458528      -0.157573     -0.0863357       0.010501     -0.0194218      -0.012986    -0.00127605    -0.00019432    -0.00141559       -0.16341       0.276767      -0.131363       0.253406      0.0436723      0.0465175
     -0.0864557      -0.150554       0.177057       0.278229      0.0711882     -0.0895399      -0.399715        0.23217      0.0364683        0.10634      0.0173856      0.0264425       0.021963       -2.68676       0.285946      -0.231315      0.0436723          3.075       0.139358
      0.0063574    -0.00989669    -0.00103887   -0.000371843   -0.000429528      -0.021872     -0.0169399      0.0127662    -0.00277187      0.0139229       0.001685     0.00204942     0.00206651     -0.0524579      0.0713974      -0.057969      0.0465175       0.139358       0.125715
