      0.0891348     -0.0677557      0.0160037      0.0280473     -0.0218433     -0.0132166      0.0400745     -0.0319961    -0.00340302    0.000970169    0.000806764    -4.7068e-05     -0.0506021     -0.0147515      0.0225863     -0.0102363      0.0028963     0.00357012      -0.052839    -0.00717071     0.00591664    -0.00784214     -0.0040222     -0.0133749    -0.00671585    -0.00940569    -0.00640117    -0.00460524    -0.00521129    -0.00723045    -0.00373261    -0.00376651      -0.151167     -0.0542905      -0.104952     -0.0241399      -0.048758   -0.000118113
     -0.0677557       0.137104     0.00111825     -0.0464065     0.00803083      0.0288116     0.00864228      0.0133408     0.00771711      0.0018282     -0.0127855     0.00281915    -0.00607827      0.0300953      0.0172561    -0.00555846    -0.00254408     -0.0147587      0.0548457      0.0221164     -0.0204954      0.0220902     0.00503002    -0.00495526     0.00315957     0.00340287     0.00258359     0.00058372     0.00369104      0.0021268     0.00118503    0.000795528     -0.0753597      0.0815766       0.200954       0.131822       0.128492     -0.0134315
      0.0160037     0.00111825      0.0260146     0.00177079    -0.00718328    -0.00087185      0.0127457     -0.0102627    0.000394107    0.000290697    -0.00282697   -0.000936506     -0.0257419     0.00231824      0.0182291    -0.00552465    -0.00203716    -0.00304243     -0.0126226    -0.00353804   -0.000223686    0.000270037     0.00394626    -0.00645344     0.00256676       0.002064     0.00289445      0.0029165     0.00133912     0.00303796     0.00319816     0.00286641      -0.109881      0.0204913     -0.0265561       0.015828       0.061606    -0.00228673
      0.0280473     -0.0464065     0.00177079      0.0460458    -0.00658812      -0.012188     0.00197201    -0.00513456     -0.0035517    -0.00340619     0.00134493    0.000625666     0.00188268    -0.00989043     -0.0134091     0.00550153     0.00261661     0.00491391      -0.033331     0.00178116     0.00725602     -0.0147035    -0.00258675     0.00217227     0.00125344     0.00179701    0.000302244   -0.000270332    -0.00080708     0.00104019    0.000864011     0.00108097    -0.00954956     -0.0288935     -0.0357362     -0.0593744     -0.0646484     0.00508454
     -0.0218433     0.00803083    -0.00718328    -0.00658812      0.0354452    0.000988055     -0.0114683      0.0175098     0.00320905    0.000251958     0.00224506   -0.000999217     0.00933863    -0.00234979    -0.00614126     0.00607621      0.0020027     0.00156949      0.0196908     0.00613135    -0.00229296     0.00478247    -0.00169287     0.00384089     0.00122221     0.00275199    0.000883882     0.00167037     0.00155711     0.00116303   -0.000377819    0.000332911      0.0443475     -0.0386998      0.0168723     -0.0168663      0.0233515    -3.3136e-05
     -0.0132166      0.0288116    -0.00087185      -0.012188    0.000988055      0.0376285     0.00395584     0.00105286     0.00134937    0.000886891    -0.00276513    0.000985197   -9.47993e-05     0.00685015     0.00368786    -0.00241414   -0.000569464     -0.0032031       0.013139     0.00408459    -0.00493246     0.00556472    0.000455124    -0.00134591    -0.00153313    -0.00257867    -0.00106181   -0.000693303   -0.000140253    -0.00149736   -0.000773015    -0.00145078    -0.00631182       0.019483      0.0475708      0.0347134      0.0146336    -0.00393534
      0.0400745     0.00864228      0.0127457     0.00197201     -0.0114683     0.00395584      0.0704632     -0.0119301     0.00465719     0.00259735    -0.00674226      0.0014956     -0.0609788    -0.00174706      0.0293982     -0.0093532     0.00574712    -0.00348718     -0.0268333      0.0130222     -0.0106621     0.00650726       -0.00499     -0.0167511     -0.0050375    -0.00637122     -0.0057217    -0.00303042    -0.00382781    -0.00769928    -0.00384843    -0.00349077      -0.207165     -0.0733081      0.0491977      0.0132759      0.0276209     -0.0454979
     -0.0319961      0.0133408     -0.0102627    -0.00513456      0.0175098     0.00105286     -0.0119301      0.0447054     0.00702424    -0.00142984      0.0014983   -0.000732696     0.00931794    -0.00710803     -0.0126207      0.0150537     0.00626972     0.00341695      0.0320014      0.0235713    -0.00670755     0.00638298    -0.00474318     0.00648274     0.00104869    0.000582609     0.00103648    0.000585798     0.00113976    0.000272194   -0.000691832    6.93074e-06      0.0179094      -0.102856      0.0586221     -0.0469417      0.0587354     0.00151816
    -0.00340302     0.00771711    0.000394107     -0.0035517     0.00320905     0.00134937     0.00465719     0.00702424      0.0175982    0.000703437   -0.000911806   -0.000996023     -0.0122747    -0.00113828      0.0055321     0.00128684     0.00288765   -0.000674142     0.00565642     0.00825081    -0.00328219     0.00498398    -0.00248959     -0.0030238     0.00142316      0.0014467     0.00164352     0.00247014    0.000868042     0.00165943     0.00154304     0.00123124     -0.0269869      -0.039271      0.0204227   -4.00751e-05      0.0212414    -0.00392038
    0.000970169      0.0018282    0.000290697    -0.00340619    0.000251958    0.000886891     0.00259735    -0.00142984    0.000703437      0.0205361    0.000441058    -0.00118614    -0.00478857    0.000217375     0.00463512    -0.00208242   -1.90058e-06   -0.000488325      0.0018522    -0.00195959   -0.000622915     0.00280876   -0.000346106    -0.00181163   -0.000445502   -0.000118263    0.000120718    0.000683876   -0.000180207   -0.000353429   -6.15468e-05     -2.369e-05    0.000221992    -0.00349987    -0.00542714     0.00797336     0.00254473    -0.00308029
    0.000806764     -0.0127855    -0.00282697     0.00134493     0.00224506    -0.00276513    -0.00674226      0.0014983   -0.000911806    0.000441058      0.0278016   -0.000760832     0.00583304    -0.00353716    -0.00308824    0.000884759   -7.56312e-05     0.00211113     0.00100797    -0.00470192     0.00247231   -0.000371845    -0.00058844     0.00183328   -0.000289972   -0.000253361   -0.000348465     0.00018635    5.50664e-05   -0.000285698    -0.00121878    9.33996e-05      0.0399412      -0.010286     -0.0281521     -0.0136458     -0.0144221     0.00238987
    -4.7068e-05     0.00281915   -0.000936506    0.000625666   -0.000999217    0.000985197      0.0014956   -0.000732696   -0.000996023    -0.00118614   -0.000760832      0.0317228     0.00497589    0.000847946    -0.00322681    0.000435283    -0.00055353     0.00028821      0.0012995     0.00130492   -0.000543597    -0.00131713     0.00029543     0.00153823    -0.00161426    -0.00181791    -0.00270718     -0.0017719    -0.00151333    -0.00263825    -0.00236503    -0.00082921   -0.000868147     0.00802138      0.0118386     0.00131921    -0.00412534     0.00108603
     -0.0506021    -0.00607827     -0.0257419     0.00188268     0.00933863   -9.47993e-05     -0.0609788     0.00931794     -0.0122747    -0.00478857     0.00583304     0.00497589       0.112476     0.00460616     -0.0604722      0.0122856    -0.00920122     0.00671301      0.0252427     -0.0193116      0.0105948     -0.0175372      0.0062939      0.0295341    -0.00696203    -0.00583035    -0.00711737     -0.0119359    -0.00344759     -0.0065677    -0.00634726    -0.00681738       0.312308       0.129345   -0.000889083     -0.0315529       -0.11408      0.0270743
     -0.0147515      0.0300953     0.00231824    -0.00989043    -0.00234979     0.00685015    -0.00174706    -0.00710803    -0.00113828    0.000217375    -0.00353716    0.000847946     0.00460616      0.0200584     0.00342094    -0.00509514    -0.00380022    -0.00514136     0.00458319    -0.00382754    -0.00164804     0.00157459     0.00404619   -0.000900795     0.00185422     0.00502124     0.00193738     0.00179398     0.00139652     0.00233821     0.00176903     0.00153091    0.000404713      0.0720254      0.0325813      0.0466903     0.00966791    -0.00137428
      0.0225863      0.0172561      0.0182291     -0.0134091    -0.00614126     0.00368786      0.0293982     -0.0126207      0.0055321     0.00463512    -0.00308824    -0.00322681     -0.0604722     0.00342094      0.0602248     -0.0138296    -0.00163666    -0.00636107    -0.00166599    -0.00464826    -0.00567868      0.0146185     0.00321317     -0.0167091     0.00256824    7.07155e-05     0.00305401     0.00565132     0.00143335     0.00270008     0.00321146     0.00409563       -0.18274    -0.00932511     -0.0386166      0.0539242       0.126548     -0.0124453
     -0.0102363    -0.00555846    -0.00552465     0.00550153     0.00607621    -0.00241414     -0.0093532      0.0150537     0.00128684    -0.00208242    0.000884759    0.000435283      0.0122856    -0.00509514     -0.0138296      0.0286269     0.00297692     0.00239949     0.00650007      0.0108637   -0.000365473    -0.00276818    -0.00243745     0.00540026    0.000698021    0.000393248    0.000440327   -0.000865166   -6.07026e-05    0.000325651    0.000190447   -7.17926e-07      0.0235912     -0.0419327      0.0217786      -0.036967     -0.0011414     0.00546995
      0.0028963    -0.00254408    -0.00203716     0.00261661      0.0020027   -0.000569464     0.00574712     0.00626972     0.00288765   -1.90058e-06   -7.56312e-05    -0.00055353    -0.00920122    -0.00380022    -0.00163666     0.00297692      0.0300384    0.000795481    -0.00178845      0.0118002    -0.00223409     0.00191249    -0.00549095    -0.00260587     0.00126047    0.000852407    0.000585006    0.000606247    0.000503616    0.000758174    0.000813126   -0.000641115    -0.00581478     -0.0564082      0.0294237     -0.0119702     -0.0269083    -0.00299371
     0.00357012     -0.0147587    -0.00304243     0.00491391     0.00156949     -0.0032031    -0.00348718     0.00341695   -0.000674142   -0.000488325     0.00211113     0.00028821     0.00671301    -0.00514136    -0.00636107     0.00239949    0.000795481      0.0331292    -0.00042875   -0.000197375     0.00170696    -0.00233946    -0.00124655     0.00289086    -0.00147483    -0.00162807    -0.00210216    0.000135957    -0.00127118    -0.00213894    -0.00175229    -0.00120086      0.0235356      -0.021516     -0.0164556      -0.024089     -0.0136897     0.00275522
      -0.052839      0.0548457     -0.0126226      -0.033331      0.0196908       0.013139     -0.0268333      0.0320014     0.00565642      0.0018522     0.00100797      0.0012995      0.0252427     0.00458319    -0.00166599     0.00650007    -0.00178845    -0.00042875      0.0798718      0.0110003     -0.0110424      0.0190294     0.00219538     0.00917617    -0.00756826    -0.00697668    -0.00705458    -0.00834243    -0.00219579    -0.00794579    -0.00638048    -0.00624033       0.052151     -0.0158842      0.0556796       0.033615        0.12976      0.0213648
    -0.00717071      0.0221164    -0.00353804     0.00178116     0.00613135     0.00408459      0.0130222      0.0235713     0.00825081    -0.00195959    -0.00470192     0.00130492     -0.0193116    -0.00382754    -0.00464826      0.0108637      0.0118002   -0.000197375      0.0110003      0.0499573     -0.0106692     0.00553022      -0.010894    -0.00427163     0.00153794    0.000416801    0.000764857    0.000960514    0.000819558    0.000465971    9.50367e-05   -0.000763823     -0.0719033      -0.123413       0.128852     -0.0149878    -0.00421702     0.00132542
     0.00591664     -0.0204954   -0.000223686     0.00725602    -0.00229296    -0.00493246     -0.0106621    -0.00670755    -0.00328219   -0.000622915     0.00247231   -0.000543597      0.0105948    -0.00164804    -0.00567868   -0.000365473    -0.00223409     0.00170696     -0.0110424     -0.0106692      0.0203091    -0.00610147     0.00115868     0.00255317     0.00157897       0.002058     0.00126369     0.00168465    0.000251472      0.0023002     0.00124626     0.00223956      0.0456214      0.0268715     -0.0458769     -0.0127796     -0.0338873     0.00641894
    -0.00784214      0.0220902    0.000270037     -0.0147035     0.00478247     0.00556472     0.00650726     0.00638298     0.00498398     0.00280876   -0.000371845    -0.00131713     -0.0175372     0.00157459      0.0146185    -0.00276818     0.00191249    -0.00233946      0.0190294     0.00553022    -0.00610147      0.0317315    -0.00191401    -0.00587401   -0.000121693   -0.000376805     8.2726e-05    0.000566802    0.000341859   -0.000560021   -0.000390561   -7.58043e-05     -0.0283239     -0.0334209      0.0218538      0.0278547      0.0452025    -0.00478311
     -0.0040222     0.00503002     0.00394626    -0.00258675    -0.00169287    0.000455124       -0.00499    -0.00474318    -0.00248959   -0.000346106    -0.00058844     0.00029543      0.0062939     0.00404619     0.00321317    -0.00243745    -0.00549095    -0.00124655     0.00219538      -0.010894     0.00115868    -0.00191401      0.0316015     0.00257534   -0.000179441   -0.000394571    0.000279605    -0.00104675    0.000383153    -2.8914e-05   -2.43269e-05    0.000325448     -0.0188857      0.0576397     -0.0298863     0.00990048      0.0528742     0.00267103
     -0.0133749    -0.00495526    -0.00645344     0.00217227     0.00384089    -0.00134591     -0.0167511     0.00648274     -0.0030238    -0.00181163     0.00183328     0.00153823      0.0295341   -0.000900795     -0.0167091     0.00540026    -0.00260587     0.00289086     0.00917617    -0.00427163     0.00255317    -0.00587401     0.00257534      0.0396178    -0.00214798    -0.00201183     -0.0026677    -0.00331575    -0.00138497    -0.00283328    -0.00230726    -0.00210621      0.0653942      0.0239241    -0.00831038     -0.0219738    -0.00291838     0.00849918
    -0.00671585     0.00315957     0.00256676     0.00125344     0.00122221    -0.00153313     -0.0050375     0.00104869     0.00142316   -0.000445502   -0.000289972    -0.00161426    -0.00696203     0.00185422     0.00256824    0.000698021     0.00126047    -0.00147483    -0.00756826     0.00153794     0.00157897   -0.000121693   -0.000179441    -0.00214798      0.0163854      0.0115863      0.0106335      0.0109185   -0.000780107     0.00641394     0.00791978     0.00830381    -0.00324508     0.00200668     0.00317801     0.00115174    -0.00021253    -0.00153573
    -0.00940569     0.00340287       0.002064     0.00179701     0.00275199    -0.00257867    -0.00637122    0.000582609      0.0014467   -0.000118263   -0.000253361    -0.00181791    -0.00583035     0.00502124    7.07155e-05    0.000393248    0.000852407    -0.00162807    -0.00697668    0.000416801       0.002058   -0.000376805   -0.000394571    -0.00201183      0.0115863       0.056661      0.0110649      0.0135513   -0.000532032     0.00724913     0.00800829     0.00894456       0.010228     0.00507288     0.00223255     0.00182938    -0.00858758    -0.00164342
    -0.00640117     0.00258359     0.00289445    0.000302244    0.000883882    -0.00106181     -0.0057217     0.00103648     0.00164352    0.000120718   -0.000348465    -0.00270718    -0.00711737     0.00193738     0.00305401    0.000440327    0.000585006    -0.00210216    -0.00705458    0.000764857     0.00126369     8.2726e-05    0.000279605     -0.0026677      0.0106335      0.0110649      0.0157555      0.0106643   -0.000679766     0.00638237     0.00809113     0.00813031     -0.0025262      0.0039295    0.000260378     0.00250262     0.00158661     -0.0013115
    -0.00460524     0.00058372      0.0029165   -0.000270332     0.00167037   -0.000693303    -0.00303042    0.000585798     0.00247014    0.000683876     0.00018635     -0.0017719     -0.0119359     0.00179398     0.00565132   -0.000865166    0.000606247    0.000135957    -0.00834243    0.000960514     0.00168465    0.000566802    -0.00104675    -0.00331575      0.0109185      0.0135513      0.0106643      0.0475784   -0.000401155     0.00682932     0.00826307     0.00881148    -0.00524723     -0.0111472     -0.0053342    -0.00348406   -0.000744287     -0.0039569
    -0.00521129     0.00369104     0.00133912    -0.00080708     0.00155711   -0.000140253    -0.00382781     0.00113976    0.000868042   -0.000180207    5.50664e-05    -0.00151333    -0.00344759     0.00139652     0.00143335   -6.07026e-05    0.000503616    -0.00127118    -0.00219579    0.000819558    0.000251472    0.000341859    0.000383153    -0.00138497   -0.000780107   -0.000532032   -0.000679766   -0.000401155     0.00866032     0.00656605     -7.401e-05   -0.000408467   -0.000604428     0.00292754     0.00328273     0.00317083     0.00323036   -9.01025e-07
    -0.00723045      0.0021268     0.00303796     0.00104019     0.00116303    -0.00149736    -0.00769928    0.000272194     0.00165943   -0.000353429   -0.000285698    -0.00263825     -0.0065677     0.00233821     0.00270008    0.000325651    0.000758174    -0.00213894    -0.00794579    0.000465971      0.0023002   -0.000560021    -2.8914e-05    -0.00283328     0.00641394     0.00724913     0.00638237     0.00682932     0.00656605      0.0158712     0.00169987     0.00163183     0.00343618     0.00613329    -0.00106118     0.00275631    -0.00363209    0.000242279
    -0.00373261     0.00118503     0.00319816    0.000864011   -0.000377819   -0.000773015    -0.00384843   -0.000691832     0.00154304   -6.15468e-05    -0.00121878    -0.00236503    -0.00634726     0.00176903     0.00321146    0.000190447    0.000813126    -0.00175229    -0.00638048    9.50367e-05     0.00124626   -0.000390561   -2.43269e-05    -0.00230726     0.00791978     0.00800829     0.00809113     0.00826307     -7.401e-05     0.00169987       0.016352     0.00812586    -0.00710584     0.00481053    -0.00232151     0.00169871     0.00400237    -0.00115733
    -0.00376651    0.000795528     0.00286641     0.00108097    0.000332911    -0.00145078    -0.00349077    6.93074e-06     0.00123124     -2.369e-05    9.33996e-05    -0.00082921    -0.00681738     0.00153091     0.00409563   -7.17926e-07   -0.000641115    -0.00120086    -0.00624033   -0.000763823     0.00223956   -7.58043e-05    0.000325448    -0.00210621     0.00830381     0.00894456     0.00813031     0.00881148   -0.000408467     0.00163183     0.00812586       0.016249    -0.00640141     0.00375794    -0.00768062    0.000777709     0.00658499    -0.00148676
      -0.151167     -0.0753597      -0.109881    -0.00954956      0.0443475    -0.00631182      -0.207165      0.0179094     -0.0269869    0.000221992      0.0399412   -0.000868147       0.312308    0.000404713       -0.18274      0.0235912    -0.00581478      0.0235356       0.052151     -0.0719033      0.0456214     -0.0283239     -0.0188857      0.0653942    -0.00324508       0.010228     -0.0025262    -0.00524723   -0.000604428     0.00343618    -0.00710584    -0.00640141         1.4632       0.197622     -0.0402132     -0.0631403      -0.859448      0.0519683
     -0.0542905      0.0815766      0.0204913     -0.0288935     -0.0386998       0.019483     -0.0733081      -0.102856      -0.039271    -0.00349987      -0.010286     0.00802138       0.129345      0.0720254    -0.00932511     -0.0419327     -0.0564082      -0.021516     -0.0158842      -0.123413      0.0268715     -0.0334209      0.0576397      0.0239241     0.00200668     0.00507288      0.0039295     -0.0111472     0.00292754     0.00613329     0.00481053     0.00375794       0.197622       0.803259      -0.151496       0.248606      0.0342288      0.0379391
      -0.104952       0.200954     -0.0265561     -0.0357362      0.0168723      0.0475708      0.0491977      0.0586221      0.0204227    -0.00542714     -0.0281521      0.0118386   -0.000889083      0.0325813     -0.0386166      0.0217786      0.0294237     -0.0164556      0.0556796       0.128852     -0.0458769      0.0218538     -0.0298863    -0.00831038     0.00317801     0.00223255    0.000260378     -0.0053342     0.00328273    -0.00106118    -0.00232151    -0.00768062     -0.0402132      -0.151496       0.667633       0.112595       -0.16227     -0.0402412
     -0.0241399       0.131822       0.015828     -0.0593744     -0.0168663      0.0347134      0.0132759     -0.0469417   -4.00751e-05     0.00797336     -0.0136458     0.00131921     -0.0315529      0.0466903      0.0539242      -0.036967     -0.0119702      -0.024089       0.033615     -0.0149878     -0.0127796      0.0278547     0.00990048     -0.0219738     0.00115174     0.00182938     0.00250262    -0.00348406     0.00317083     0.00275631     0.00169871    0.000777709     -0.0631403       0.248606       0.112595       0.279721      0.0309791     0.00785746
      -0.048758       0.128492       0.061606     -0.0646484      0.0233515      0.0146336      0.0276209      0.0587354      0.0212414     0.00254473     -0.0144221    -0.00412534       -0.11408     0.00966791       0.126548     -0.0011414     -0.0269083     -0.0136897        0.12976    -0.00421702     -0.0338873      0.0452025      0.0528742    -0.00291838    -0.00021253    -0.00858758     0.00158661   -0.000744287     0.00323036    -0.00363209     0.00400237     0.00658499      -0.859448      0.0342288       -0.16227      0.0309791        1.17677     0.00263728
   -0.000118113     -0.0134315    -0.00228673     0.00508454    -3.3136e-05    -0.00393534     -0.0454979     0.00151816    -0.00392038    -0.00308029     0.00238987     0.00108603      0.0270743    -0.00137428     -0.0124453     0.00546995    -0.00299371     0.00275522      0.0213648     0.00132542     0.00641894    -0.00478311     0.00267103     0.00849918    -0.00153573    -0.00164342     -0.0013115     -0.0039569   -9.01025e-07    0.000242279    -0.00115733    -0.00148676      0.0519683      0.0379391     -0.0402412     0.00785746     0.00263728      0.0648654
